data {
  id: 1
  block_pool: "2;3;4;5;6;7;32;39;40"
}
data {
  id: 2
  block_pool: "1;2;3;4;5;6;7;8;9;10;11;16;17;18;19;20;21;22;23;32;36;37"
}
data {
  id: 3
  block_pool: "1;2;3;4;5;6;7;8;9;10;11;16;17;18;19;20;21;22;23;24;25;26;27;28;29;30;31;32;34;35;36;37"
}
data {
  id: 4
  block_pool: "1;2;3;4;5;6;7;8;9;10;11;12;13;14;15;16;17;18;19;20;21;22;23;24;25;26;27;28;29;30;31;32;35;36;37;38;39;40"
}
data {
  id: 5
  block_pool: "1;4;5;6;7;8;9;10;11;12;13;14;15;16;17;18;19;20;21;22;23;24;25;26;27;28;29;30;31;32;33;36;37;38;39;40"
}
