data {
  id: 1
  npcid: "52"
}
data {
  id: 2
  npcid: "39"
}
data {
  id: 3
  npcid: "1;2;23;24;25;26;27;28;29;30;31;32;33;34;35;36;37;38;39;40;41;51;52;53;54;55;56;57;57;59;60"
}
data {
  id: 4
  npcid: "3"
}
data {
  id: 5
  npcid: "3;1;2;23;24;25;26;27;28;29;30;31;32;33;34;35;36;37;38;39;40;41;51;52;53;54;55;56;57;57;59;60"
}
data {
  id: 6
  npcid: "6"
}
data {
  id: 7
  npcid: "3;6;1;2;23;24;25;26;27;28;29;30;31;32;33;34;35;36;37;38;39;40;41;51;52;53;54;55;56;57;57;59;60"
}
data {
  id: 8
  npcid: "5"
}
data {
  id: 9
  npcid: "3;6;5;1;2;23;24;25;26;27;28;29;30;31;32;33;34;35;36;37;38;39;40;41;51;52;53;54;55;56;57;57;59;60"
}
data {
  id: 10
  npcid: "9"
}
data {
  id: 11
  npcid: "3;6;5;9;1;2;23;24;25;26;27;28;29;30;31;32;33;34;35;36;37;38;39;40;41;51;52;53;54;55;56;57;57;59;60"
}
data {
  id: 12
  npcid: "10"
}
data {
  id: 13
  npcid: "3;6;5;9;10;1;2;23;24;25;26;27;28;29;30;31;32;33;34;35;36;37;38;39;40;41;51;52;53;54;55;56;57;57;59;60"
}
data {
  id: 14
  npcid: "13"
}
data {
  id: 15
  npcid: "3;6;5;9;10;13;1;2;23;24;25;26;27;28;29;30;31;32;33;34;35;36;37;38;39;40;41;51;52;53;54;55;56;57;57;59;60"
}
data {
  id: 16
  npcid: "22"
}
data {
  id: 17
  npcid: "3;6;5;9;10;13;22;1;2;23;24;25;26;27;28;29;30;31;32;33;34;35;36;37;38;39;40;41;51;52;53;54;55;56;57;57;59;60"
}
data {
  id: 18
  npcid: "43"
}
data {
  id: 19
  npcid: "3;6;5;9;10;13;22;43;1;2;23;24;25;26;27;28;29;30;31;32;33;34;35;36;37;38;39;40;41;51;52;53;54;55;56;57;57;59;60"
}
data {
  id: 20
  npcid: "11"
}
data {
  id: 21
  npcid: "3;6;5;9;10;13;22;43;11;1;2;23;24;25;26;27;28;29;30;31;32;33;34;35;36;37;38;39;40;41;51;52;53;54;55;56;57;57;59;60"
}
data {
  id: 22
  npcid: "12"
}
data {
  id: 23
  npcid: "3;6;5;9;10;13;22;43;11;12;1;2;23;24;25;26;27;28;29;30;31;32;33;34;35;36;37;38;39;40;41;51;52;53;54;55;56;57;57;59;60"
}
data {
  id: 24
  npcid: "18"
}
data {
  id: 25
  npcid: "3;6;5;9;10;13;22;43;11;12;18;1;2;23;24;25;26;27;28;29;30;31;32;33;34;35;36;37;38;39;40;41;51;52;53;54;55;56;57;57;59;60"
}
data {
  id: 26
  npcid: "16"
}
data {
  id: 27
  npcid: "3;6;5;9;10;13;22;43;11;12;18;16;1;2;23;24;25;26;27;28;29;30;31;32;33;34;35;36;37;38;39;40;41;51;52;53;54;55;56;57;57;59;60"
}
data {
  id: 28
  npcid: "42"
}
data {
  id: 29
  npcid: "3;6;5;9;10;13;22;43;11;12;18;16;42;1;2;23;24;25;26;27;28;29;30;31;32;33;34;35;36;37;38;39;40;41;51;52;53;54;55;56;57;57;59;60"
}
data {
  id: 30
  npcid: "44"
}
data {
  id: 31
  npcid: "3;6;5;9;10;13;22;43;11;12;18;16;42;44;1;2;23;24;25;26;27;28;29;30;31;32;33;34;35;36;37;38;39;40;41;51;52;53;54;55;56;57;57;59;60"
}
data {
  id: 32
  npcid: "49"
}
data {
  id: 33
  npcid: "3;6;5;9;10;13;22;43;11;12;18;16;42;44;49;1;2;23;24;25;26;27;28;29;30;31;32;33;34;35;36;37;38;39;40;41;51;52;53;54;55;56;57;57;59;60"
}
data {
  id: 34
  npcid: "7"
}
data {
  id: 35
  npcid: "3;6;5;9;10;13;22;43;11;12;18;16;42;44;49;7;1;2;23;24;25;26;27;28;29;30;31;32;33;34;35;36;37;38;39;40;41;51;52;53;54;55;56;57;57;59;60"
}
data {
  id: 36
  npcid: "8"
}
data {
  id: 37
  npcid: "3;6;5;9;10;13;22;43;11;12;18;16;42;44;49;7;8;1;2;23;24;25;26;27;28;29;30;31;32;33;34;35;36;37;38;39;40;41;51;52;53;54;55;56;57;57;59;60"
}
data {
  id: 38
  npcid: "17"
}
data {
  id: 39
  npcid: "3;6;5;9;10;13;22;43;11;12;18;16;42;44;49;7;8;17;1;2;23;24;25;26;27;28;29;30;31;32;33;34;35;36;37;38;39;40;41;51;52;53;54;55;56;57;57;59;60"
}
data {
  id: 40
  npcid: "19"
}
data {
  id: 41
  npcid: "3;6;5;9;10;13;22;43;11;12;18;16;42;44;49;7;8;17;19;1;2;23;24;25;26;27;28;29;30;31;32;33;34;35;36;37;38;39;40;41;51;52;53;54;55;56;57;57;59;60"
}
data {
  id: 42
  npcid: "21"
}
data {
  id: 43
  npcid: "3;6;5;9;10;13;22;43;11;12;18;16;42;44;49;7;8;17;19;21;1;2;23;24;25;26;27;28;29;30;31;32;33;34;35;36;37;38;39;40;41;51;52;53;54;55;56;57;57;59;60"
}
data {
  id: 44
  npcid: "3;6;5;9;10;13;22;43;11;12;18;16;42;44;49;8;17;19;20;1;2;23;24;25;26;27;28;29;30;31;32;33;34;35;36;37;38;39;40;41;51;52;53;54;55;56;57;57;59;60"
}
